Albania ALB 1.191 1.055 1.487 1.333 1.198 1.569 1.464 1.121 2.028 1.675
Algeria DZA 2.265 1.398 1.147 1.192 1.69 1.121 1.757 1.512 1.21 1.115
Angola AGO 1.194 0.88 0.552 1.044 0.828 1.331 1.609 0.87 1.395 1.752
Anguilla AIA 1.09 0.489 0.64 0.77 0.814 1.051 1.125 0.96 0.664 0.843
Argentina ARG 0.135 0.386 0.798 0.442 0.951 0.957 0.488 1.095 0.878 0.76
Australia AUS 0.673 0.208 0.308 1.499 1.198 1.087 1.172 1.141 1.129 1.422
Austria AUT 0.656 1.373 1.783 1.098 2.409 2.167 2.096 1.741 2.524 2.37
Bangladesh BGD 0.768 0.144 0.235 0.23 0.482 0.722 1.337 1.124 0.881 1.136
Belize BLZ 0.843 0.724 0.644 0.785 0.697 1.502 1.446 1.342 0.85 1.556
Benin BEN 1.23 0.949 0.595 0.853 0.94 1.111 1.025 1.16 1.056 1.147
Bhutan BTN 1.202 0.534 0.512 0.742 0.86 1.068 1.487 1.457 1.346 1.329
Bolivia BOL 0.68 1.165 0.831 0.507 0.955 1.533 0.824 0.981 0.562 0.921
Botswana BWA 0.936 -0.048 0.473 0.77 -0.092 1.546 1.469 0.017 0.734 1.525
Brazil BRA 1.112 0.814 1.023 0.922 1.153 1.516 1.457 1.363 1.148 1.517
Bulgaria BGR 1.361 0.422 1.678 1.476 1.196 1.438 1.899 0.954 2.192 2.112
Cambodia KHM 1.225 0.424 0.875 1.005 0.614 1.081 1.473 1.095 0.787 1.552
Cameroon CMR 1.181 0.655 0.416 0.707 0.882 1.16 1.213 1.165 1.156 1.45
Canada CAN 2.915 1.438 2.144 1.182 0.288 1.231 2.373 1.48 0.477 1.311
Chad TCD 1.181 0.969 0.553 1.013 0.856 1.294 0.939 1.026 1.527 1.306
Chile CHL -0.015 0.206 0.699 0.434 0.488 0.848 1.022 0.873 0.538 0.683
Colombia COL 1.037 0.467 0.668 0.834 0.854 1.249 1.08 0.82 1.137 1.397
Cuba CUB 0.957 0.538 0.611 0.885 1.144 1.439 1.37 1.275 1.177 1.634
Cyprus CYP 2.03 0.715 0.97 1.238 1.048 1.139 1.493 0.776 2.119 1.524
Denmark DNK -0.199 0.677 1.139 0.397 2.677 1.516 1.852 1.619 2.109 2.18
Dominica DMA 1.193 0.591 0.703 0.715 0.704 0.918 1.057 0.821 0.561 0.752
Ecuador ECU 1.087 0.783 0.663 0.491 1.011 1.393 1.55 1.155 0.967 1.279
Fiji FJI 0.978 0.898 0.589 0.916 0.646 0.517 0.97 1.127 0.953 1.065
Finland FIN 0.242 1.354 1.54 1.424 2.591 2.613 2.151 1.487 2.157 1.452
France FRA 0.395 1.534 1.22 0.714 2.049 1.612 1.794 1.796 2.06 2.023
Gabon GAB 1.08 0.657 0.615 0.794 0.805 1.024 1.505 1.353 1.026 1.534
Germany DEU 0.196 1.121 1.349 0.583 2.519 1.674 1.988 1.653 2.393 2.332
Ghana GHA 1.276 0.883 0.614 0.841 0.887 1.132 1.217 1.292 1.081 1.32
Gibraltar GIB 1.318 1.618 0.924 0.869 1.417 1.382 1.726 2.005 0.739 1.3
Greece GRC 1.584 0.394 1.235 1.317 1.06 0.904 1.561 0.642 1.905 1.381
Greenland GRL 3.058 1.684 1.625 1.381 1.447 0.205 2.381 1.21 0.934 2.206
Grenada GRD 1.201 0.677 0.584 0.776 0.641 0.837 0.945 0.92 0.543 1.169
Guadeloupe GLP 1.137 0.539 0.671 0.75 0.763 0.998 1.095 0.907 0.62 0.803
Guatemala GTM 0.685 0.429 0.52 0.624 0.638 1.143 1.425 1.069 0.884 1.418
Guinea GIN 1.321 1.095 0.556 1.068 0.857 1.155 1.167 1.522 1.188 1.408
Guinea-Bissau GNB 1.328 1.092 0.795 1.055 1.168 1.192 1.572 1.674 1.125 1.419
Guyana GUY 1.115 0.968 0.958 0.894 1.071 1.352 1.506 1.149 1.137 1.178
Haiti HTI 1.206 0.489 0.759 1.133 1.306 1.384 1.164 1.061 1.277 1.507
Honduras HND 0.806 0.73 0.639 0.915 0.666 1.126 1.368 1.034 0.804 1.233
Hungary HUN 0.806 0.891 1.727 1.159 2.229 2.067 1.89 1.336 2.524 2.353
Iceland ISL 1.147 0.959 0.667 0.687 1.66 0.419 1.411 1.694 0.82 1.339
India IND 1.129 0.365 0.516 0.451 0.53 0.711 1.088 0.966 0.874 0.802
Indonesia IDN 0.766 0.306 0.459 0.799 0.812 0.841 1.488 1.055 0.973 1.118
Iran IRN 2.214 1.345 1.09 1.642 1.079 1.856 1.669 1.737 2.044 1.597
Iraq IRQ 2.712 0.91 1.293 1.263 1.175 1.94 1.672 1.572 2.406 1.626
Ireland IRL -0.104 0.559 0.705 0.568 1.357 0.449 1.04 1.264 0.783 1.201
Israel ISR 2.321 0.578 1.035 1.108 0.871 1.331 1.607 0.735 2.003 1.212
Italy ITA 0.755 1.253 1.543 1.006 1.638 1.704 1.716 1.606 1.834 1.698
Jamaica JAM 1.183 0.578 0.719 0.988 1.212 1.401 1.395 1.076 1.249 1.524
Japan JPN 0.922 0.596 0.395 0.628 0.56 0.833 1.323 0.796 0.926 1.272
Jordan JOR 2.625 0.506 1.067 1.002 0.787 1.429 1.641 0.92 1.972 1.281
Kenya KEN 1.106 1.137 1.026 0.93 1.024 1.164 1.237 1.5 0.675 1.624
Kiribati KIR 0.312 0.328 0.428 0.628 0.768 0.902 1.229 1.041 0.947 0.949
Kuwait KWT 2.602 1.373 1.562 1.349 1.451 2.104 1.695 1.962 2.358 1.895
Latvia LVA 0.704 1.151 1.408 1.082 2.33 2.166 1.946 1.503 2.36 2.462
Lebanon LBN 2.353 0.663 1.045 1.26 1.051 1.383 1.629 1.023 2.154 1.412
Liberia LBR 1.42 1.102 0.869 0.983 0.934 1.288 1.412 1.539 1.306 1.494
Libya LBY 2.074 0.819 0.77 1.24 1.237 0.711 1.587 0.525 1.737 0.92
Liechtenstein LIE 0.48 1.657 1.611 0.927 2.232 2.046 2.028 1.795 2.26 2.079
Lithuania LTU 0.766 0.957 1.37 0.967 2.238 2.095 1.944 1.542 2.427 2.642
Luxembourg LUX 0.325 1.343 1.262 0.569 2.475 1.528 1.877 1.647 2.468 2.155
Malawi MWI 1.03 0.771 0.925 0.676 1.129 1.141 1.361 1.016 1.022 1.22
Malaysia MYS 1.111 0.754 0.901 1.121 1.199 1.372 1.836 1.419 1.443 1.7
Maldives MDV 0.683 0.561 0.573 0.662 0.766 0.982 1.555 1.126 0.84 1.131
Mali MLI 1.63 1.207 0.426 0.969 0.787 1.017 1.089 1.347 1.04 1.089
Malta MLT 1.243 1.013 1.44 1.343 1.507 1.403 1.748 1.224 1.441 1.29
Martinique MTQ 1.177 0.596 0.699 0.714 0.674 0.892 1.034 0.8 0.54 0.752
Mauritius MUS 1.076 0.865 0.665 0.797 0.905 1.158 1.084 1.319 1.051 1.462
Mayotte MYT 0.947 0.684 0.614 0.49 0.685 0.911 0.815 1.04 0.823 1.383
Mexico MEX 0.306 1.026 0.948 0.798 0.911 1.141 1.346 1.629 1.24 1.378
Monaco MCO 0.452 1.403 1.396 0.724 1.811 1.902 1.773 1.962 1.94 1.919
Mongolia MNG 0.306 0.757 0.23 1.024 1.879 2.131 1.391 2.493 2.207 1.847
Montenegro MNE 1.185 0.985 1.653 1.444 1.503 1.702 1.474 1.275 2.232 1.823
Montserrat MSR 1.153 0.586 0.696 0.783 0.744 1.035 1.097 0.958 0.627 0.797
Morocco MAR 2.02 1.698 1.299 1.233 1.603 1.115 1.84 2.131 0.597 1.466
Myanmar MMR 1.203 0.51 0.915 0.986 0.902 1.245 1.443 1.328 1.064 1.726
Namibia NAM 1.214 -0.478 -0.128 0.759 0.439 1.215 1.473 0.818 1.11 1.821
Nepal NPL 1.138 0.231 0.402 0.189 0.337 0.654 1.169 1.071 0.627 0.854
Netherlands NLD 0.1 1.071 1.149 0.427 2.564 1.29 1.936 1.731 2.135 2.142
NewCaledonia NCL 1.254 1.022 0.87 1.026 1.005 1.215 2.026 1.768 1.384 1.303
NewZealand NZL 0.598 0.673 0.125 0.999 0.544 0.568 1.214 0.627 1.173 1.118
Nicaragua NIC 0.868 0.695 0.683 1.201 0.802 1.018 1.315 1.025 0.9 1.161
Niger NER 1.557 0.956 0.588 0.809 0.987 0.832 0.933 0.843 1.065 0.943
Nigeria NGA 1.426 0.852 0.526 0.922 1.012 1.187 1.168 1.17 1.093 1.229
Norway NOR -0.341 1.398 1.063 0.791 2.412 1.781 1.718 1.551 1.485 1.208
Oman OMN 1.104 0.84 0.754 0.473 0.485 1.213 0.933 1.421 1.121 0.89
Pakistan PAK 1.29 0.833 0.263 0.778 0.358 0.529 1.233 1.252 1.359 0.566
Panama PAN 0.978 0.585 0.88 0.999 1.014 1.232 1.171 0.94 1.283 1.43
Paraguay PRY 0.326 0.601 0.825 0.327 1.119 1.493 0.25 1.15 0.539 1.276
Peru PER 1.063 0.791 0.808 0.647 0.883 1.256 1.454 0.978 0.734 1.048
Philippines PHL 1.065 0.62 0.912 1.057 0.96 1.155 1.603 1.3 1.329 1.407
Portugal PRT 1.122 1.615 0.797 0.941 1.349 1.405 1.682 2.109 0.906 1.291
Qatar QAT 2.001 1.444 1.376 1.212 1.541 1.971 1.515 1.893 2.004 1.84
Romania ROU 1.167 0.497 1.828 1.37 1.552 1.799 1.876 1.153 2.266 2.241
Samoa WSM 1.246 0.719 0.834 1.167 1.071 0.91 1.44 1.336 1.09 1.44
Senegal SEN 1.432 1.187 0.834 1.18 1.105 1.212 1.542 1.744 0.964 1.396
Seychelles SYC 1.019 0.927 0.922 0.749 0.863 1.169 1.1 1.184 0.917 1.377
Singapore SGP 1.059 0.74 0.826 1.15 1.331 1.537 2.038 1.587 1.37 1.878
Somalia SOM 1.091 1.057 0.976 1.089 1.121 1.467 1.267 1.623 0.709 1.528
SouthAfrica ZAF 1.083 0.446 0.508 0.655 0.838 1.3 1.562 1.103 1.016 1.811
Spain ESP 0.908 1.613 1.043 0.906 1.603 1.533 1.714 2.036 1.149 1.534
Suriname SUR 1.509 1.074 0.986 1.118 1.136 1.309 1.79 1.439 1.25 1.53
Sweden SWE -0.279 1.267 1.313 0.857 2.704 2.069 1.841 1.588 1.844 1.568
Switzerland CHE 0.459 1.667 1.512 0.782 2.169 1.972 1.859 1.837 2.343 2.096
Thailand THA 1.405 0.36 1.023 1.234 0.845 1.392 1.659 1.202 0.954 1.857
Timor-Leste TLS 0.971 -0.083 0.101 0.683 0.583 0.742 1.88 1.154 0.96 1.172
Togo TGO 1.249 0.866 0.571 0.754 0.923 1.096 1.125 1.243 1.123 1.273
Tonga TON 0.869 0.602 0.671 0.807 0.713 0.759 1.284 1.077 1.021 1.599
Tunisia TUN 1.752 1.038 1.607 1.47 1.879 1.192 1.896 1.377 1.507 1.34
Turkmenistan TKM 1.891 1.098 0.78 1.643 0.714 1.427 2.02 1.692 1.524 1.818
Tuvalu TUV 0.922 0.805 0.612 0.682 0.646 0.798 0.921 1.013 0.975 1.078
Uganda UGA 1.425 1.099 1.117 1.06 1.136 1.159 1.262 1.735 1.102 1.616
Ukraine UKR 1.649 0.581 1.957 1.522 1.718 2.075 2.114 1.419 2.242 2.37
UnitedKingdom GBR -0.05 0.851 0.576 0.364 1.718 0.614 1.161 1.424 0.998 1.231
UnitedStates USA 0.695 0.537 1.448 0.614 0.501 1.531 2.224 1.433 1.276 1.034
Uruguay URY 0.261 0.447 0.836 0.149 1.162 1.048 0.301 1.546 1.196 0.766
Vanuatu VUT 0.878 0.669 0.402 0.706 0.585 0.573 1.146 1.131 0.613 0.897
Vietnam VNM 1.092 0.118 0.736 0.895 0.54 1.222 1.191 1.121 0.817 1.811
World WLD 1.219 0.921 1.074 1.016 1.053 1.412 1.66 1.429 1.29 1.444
Zambia ZMB 1.21 0.956 0.972 0.79 0.917 1.45 1.401 0.105 0.648 0.855
Zimbabwe ZWE 0.935 0.232 0.334 0.118 0.025 0.97 1.27 0.088 0.453 0.925
