Albania ALB 0.795 -0.269 0.106 0.076 1.33 -0.172 -0.038 0.075 0.795 0.67
Algeria DZA 1.266 0.031 -0.312 0.552 0.732 0.595 0.846 1.059 1.109 1.476
Angola AGO 0.687 0.341 0.466 0.256 0.212 0.753 0.37 0.107 1.064 0.417
Anguilla AIA 0.432 0.441 0.365 0.535 0.575 0.651 0.35 0.459 1.06 0.532
Argentina ARG 0.436 0.261 -0.261 0.086 0.487 0.259 0.512 0.759 0.351 0.16
Australia AUS 0.549 0.82 0.281 0.484 0.221 0.413 0.604 0.383 1.092 0.58
Austria AUT 1.262 0.125 1.248 0.527 1.958 0.939 -0.203 0.514 1.343 0.986
Bangladesh BGD -0.149 -0.024 -0.146 -0.446 0.175 0.173 0.137 -0.173 0.504 0.78
Barbados BRB 0.356 0.422 0.333 0.394 0.388 0.463 0.315 0.288 1.079 0.466
Belize BLZ 0.339 0.542 0.311 0.447 0.756 0.759 0.21 0.866 0.904 0.422
Benin BEN 0.58 0.302 -0.027 0.531 0.439 0.406 0.736 0.557 1.042 0.621
Bhutan BTN -0.087 0.081 -0.229 -0.248 0.315 0.518 0.307 -0.3 0.825 1.022
Bolivia BOL 0.183 0.603 0.031 0.404 0.883 0.77 0.29 0.825 0.926 0.337
Botswana BWA 0.738 0.062 0.813 0.512 -0.123 1.141 -0.319 -0.096 0.857 0.552
Brazil BRA 0.435 0.468 0.403 0.495 0.608 0.799 0.504 0.671 1.234 0.523
Bulgaria BGR 0.797 -0.161 0.149 -0.322 1.583 0.221 -0.36 -0.336 0.775 0.696
Cambodia KHM 0.674 0.597 0.556 0.425 0.496 0.738 0.357 0.393 1.414 0.409
Cameroon CMR 0.651 0.563 -0.205 0.247 0.305 0.28 0.335 0.547 1.082 0.604
Canada CAN 0.078 0.336 0.1 0.342 0.467 0.938 -0.125 0.426 2.47 1.694
Chad TCD 0.416 0.649 -0.279 0.275 0.381 0.175 0.586 0.485 0.841 0.569
Chile CHL 0.214 0.108 -0.116 0.235 0.279 -0.004 0.276 0.716 0.721 0.251
Colombia COL 0.31 0.449 0.606 0.263 0.245 0.517 0.143 0.504 0.901 -0.01
Cuba CUB 0.836 0.899 0.608 0.639 1.016 1.222 0.627 1.031 1.191 0.806
Cyprus CYP 0.069 0.379 -0.928 -0.421 1.047 0.058 0.253 0.008 0.961 1.079
Denmark DNK 1.843 0.616 1.452 0.235 0.967 1.304 -0.753 0.651 0.869 1.334
Djibouti DJI 0.524 0.467 0.434 0.303 0.275 0.659 0.775 0.663 1.004 0.409
Dominica DMA 0.436 0.453 0.433 0.51 0.572 0.695 0.434 0.595 0.999 0.486
Ecuador ECU 0.503 0.536 0.873 0.571 0.363 0.738 0.053 1.24 1.311 0.202
Fiji FJI 0.348 0.09 0.039 -0.319 -0.133 0.385 0.445 0.152 0.765 0.538
Finland FIN 1.249 1.138 1.165 0.937 0.146 1.701 0.137 0.783 0.071 1.159
France FRA 1.591 0.257 0.659 0.325 1.547 1.326 0.188 1.24 0.947 1.199
Gabon GAB 0.124 0.081 -0.166 0.19 0.187 0.582 0.104 0.292 1.119 0.589
Germany DEU 1.571 0.286 1.228 0.31 1.625 1.307 -0.699 0.558 1.153 1.367
Ghana GHA 0.526 0.394 0.153 0.473 0.564 0.695 0.657 0.502 1.14 0.564
Gibraltar GIB 1.202 0.111 0.176 -0.128 0.736 1.315 0.747 1.47 1.109 0.715
Greece GRC 0.368 -0.197 -0.528 -0.328 1.06 -0.043 -0.161 -0.195 0.632 0.8
Greenland GRL -0.348 -0.291 -1.228 -1.355 -0.425 -0.328 0.667 0.391 1.269 0.522
Grenada GRD 0.203 0.398 0.388 0.431 0.456 0.71 0.471 0.63 1.187 0.617
Guadeloupe GLP 0.432 0.448 0.401 0.524 0.564 0.671 0.386 0.51 1.035 0.515
Guatemala GTM 0.309 0.624 0.445 0.346 0.592 0.595 0.09 0.71 0.867 0.558
Guinea GIN 0.653 0.679 0.33 0.702 0.471 0.486 0.791 0.785 1.194 0.512
Guinea-Bissau GNB 0.96 0.786 0.71 0.893 0.744 0.798 0.955 1.129 1.56 0.746
Guyana GUY 0.527 0.286 0.131 0.178 0.482 0.988 0.61 0.884 1.287 0.405
Haiti HTI 0.694 0.775 0.59 0.45 1.198 1.188 0.685 1.099 1.244 1.147
Honduras HND 0.258 0.493 0.481 0.203 0.774 0.876 0.075 0.797 1.018 0.384
Hungary HUN 1.07 -0.058 0.911 0.069 1.755 0.631 -0.34 -0.148 1.081 0.603
Iceland ISL 0.169 0.766 0.231 0.225 -0.108 -0.33 0.562 0.436 0.238 0.471
India IND -0.081 0.19 0.035 0.223 0.107 0.238 0.339 -0.064 0.614 0.468
Indonesia IDN 0.089 0.273 0.341 0.289 0.343 0.382 0.428 0.463 1.05 0.282
Iran IRN 0.727 0.389 -0.757 -0.017 0.802 0.698 0.239 0.644 1.165 1.658
Iraq IRQ 0.356 0.608 -1.169 -0.469 1.009 0.366 0.798 0.305 1.295 1.917
Ireland IRL 0.829 0.199 0.446 0.064 0.282 1.198 -0.006 0.977 0.937 1.077
Israel ISR -0.112 0.393 -1.037 -0.368 0.796 -0.153 0.342 -0.118 0.892 0.894
Italy ITA 1.132 0.029 0.542 0.527 1.513 0.418 0.233 0.931 0.969 0.918
Jamaica JAM 0.56 0.617 0.93 0.607 1.097 1.062 0.531 0.99 1.395 0.753
Japan JPN 1.132 0.726 0.333 0.012 0.965 0.348 -0.127 0.454 1.199 0.948
Jordan JOR -0.03 0.521 -1.11 -0.503 0.941 -0.047 0.487 -0.176 1.023 1.052
Kenya KEN -0.05 0.258 0.406 0.048 0.488 0.356 0.366 0.415 0.25 0.24
Kiribati KIR 0.222 0.251 0.144 -0.192 0.096 0.404 0.291 0.087 0.498 -0.142
Kuwait KWT 0.396 0.535 -0.523 -0.095 0.993 0.217 0.929 0.528 1.346 2.064
Lebanon LBN 0.059 0.411 -1.017 -0.433 1.048 0.044 0.39 -0.103 1.001 1.1
Liberia LBR 0.581 0.52 0.246 0.529 0.533 0.653 0.587 0.972 1.297 0.781
Libya LBY 0.557 0.231 -0.404 0.306 0.47 0.344 0.541 0.472 0.76 1.248
Liechtenstein LIE 1.308 0.184 1.09 0.635 1.925 0.9 -0.033 0.942 1.208 0.979
Malawi MWI 0.616 0.15 0.749 0.153 0.27 0.794 0.189 0.626 1.031 0.349
Malaysia MYS 0.548 0.464 0.429 0.278 0.42 0.544 0.481 0.69 1.279 0.483
Maldives MDV 0.528 0.566 0.174 0.209 0.409 0.681 0.418 0.573 0.917 0.297
Mali MLI 0.903 0.685 0.194 1.026 0.206 0.57 1.161 0.87 1.214 0.375
Malta MLT 1.235 0.147 0.275 0.625 1.421 0.461 0.639 1.054 0.876 1.268
Martinique MTQ 0.424 0.445 0.405 0.487 0.565 0.67 0.433 0.591 1.003 0.477
Mauritius MUS 0.22 0.492 0.157 0.179 0.466 0.314 0.042 0.585 0.827 0.211
Mayotte MYT 0.234 0.378 0.215 0.324 0.621 0.441 0.079 0.448 0.873 0.317
Mexico MEX 0.274 0.268 0.086 0.327 0.711 0.81 0.567 0.5 0.736 0.642
Monaco MCO 1.284 0.107 0.651 0.461 1.302 0.672 0.211 1.297 0.922 0.924
Mongolia MNG 1.53 1.08 0.81 0.454 1.329 1.268 0.41 1.933 2.117 1.764
Montserrat MSR 0.417 0.459 0.445 0.528 0.493 0.677 0.377 0.455 1.046 0.541
Morocco MAR 1.409 0.133 0.246 0.222 1.019 1.174 0.936 1.271 1.483 0.976
Myanmar MMR 0.215 0.509 0.101 0.126 0.494 0.654 0.439 0.272 1.192 0.926
Namibia NAM 0.726 0.211 0.658 0.702 0.315 1.004 0.19 0.048 1.284 0.85
Nepal NPL -0.035 0.075 -0.073 -0.177 0.158 0.305 0.208 -0.413 0.313 0.64
Netherlands NLD 1.567 0.265 1.184 0.25 1.367 1.542 -0.779 0.611 1.068 1.574
NewCaledonia NCL 0.764 0.35 0.467 0.27 0.228 1.01 1.204 0.549 2.002 1.229
NewZealand NZL 0.572 -0.028 -0.716 -0.38 -0.077 0.108 0.244 -0.128 0.981 1.009
Nicaragua NIC 0.35 0.497 0.487 0.317 0.707 0.898 0.077 0.808 1.087 0.169
Niger NER 0.48 0.862 -0.286 0.403 0.205 0.373 1.054 0.688 0.652 0.549
Nigeria NGA 0.582 0.621 -0.122 0.497 0.424 0.38 0.748 0.646 1.034 0.766
Norway NOR 1.517 0.977 1.121 0.697 0.065 0.944 -0.06 0.761 0.383 1.257
Oman OMN 0.061 -0.304 -0.55 0.247 0.126 -0.018 -0.114 -0.227 0.745 0.578
Pakistan PAK 0.339 -0.306 -0.413 0.415 0.162 -0.116 -0.152 -0.386 0.436 0.823
Panama PAN 0.394 0.531 0.403 0.459 0.456 0.591 0.3 0.647 0.991 -0.088
Paraguay PRY 0.016 0.648 -0.39 0.208 0.865 0.542 0.095 0.869 0.176 0.004
Peru PER 0.359 0.501 0.816 0.494 0.511 0.798 0.158 0.855 1.29 0.232
Philippines PHL 0.412 0.359 0.379 0.385 0.501 0.528 0.427 0.489 1.322 0.561
Portugal PRT 1.401 0.44 0.434 -0.199 0.684 1.663 0.756 1.601 1.212 0.634
Qatar QAT 0.406 -0.151 -0.519 0.031 0.666 0.064 0.496 0.066 1.174 1.735
Romania ROU 1.1 0.033 0.364 -0.428 1.72 0.409 -0.424 -0.422 0.785 0.62
Senegal SEN 1.193 0.8 0.875 1.097 0.634 0.938 1.219 1.37 1.574 0.581
Seychelles SYC 0.239 0.439 0.179 0.23 0.507 0.432 0.114 0.598 0.968 0.295
Somalia SOM 0.108 0.228 0.531 0.162 0.499 0.461 0.619 0.423 0.617 0.388
SouthAfrica ZAF 0.324 0.367 0.807 0.836 0.208 0.633 -0.15 0.219 0.825 1.096
Spain ESP 1.446 0.209 0.305 -0.059 1.044 1.444 0.722 1.535 1.189 0.814
Suriname SUR 0.31 0.337 0.579 0.286 0.305 0.827 0.922 0.775 1.357 0.614
Sweden SWE 1.692 1.025 1.374 0.806 0.195 1.263 -0.164 0.981 0.561 1.362
Switzerland CHE 1.417 0.328 0.969 0.562 1.859 1.001 0.029 1.063 1.111 0.98
Thailand THA 0.592 0.729 0.455 0.389 0.438 0.769 0.319 0.48 1.529 0.504
Togo TGO 0.597 0.245 0.046 0.468 0.454 0.493 0.627 0.554 1.088 0.575
Tonga TON 0.419 0.39 0.268 0.001 0.301 0.471 0.282 0.17 0.201 0.119
Tunisia TUN 1.418 -0.041 0 0.635 1.328 0.659 0.633 1.252 0.987 1.747
Uganda UGA 0.264 0.207 0.248 0.176 0.269 0.431 0.299 0.542 0.411 0.072
UnitedKingdom GBR 1.016 0.21 0.522 -0.015 0.413 1.119 -0.142 0.882 0.86 1.133
UnitedStates USA 0.674 0.527 0.395 0.004 0.466 0.63 -0.011 0.384 1.272 0.758
Uruguay URY 0.575 0.309 0.146 0.28 0.45 0.277 0.478 1.099 0.102 0.065
Vanuatu VUT 0.357 0.066 0.055 -0.281 -0.074 0.439 0.474 0.245 0.757 0.883
Vietnam VNM 0.402 0.616 0.101 0.332 0.329 0.377 0.001 0.31 1.307 0.74
World WLD 0.639 0.468 0.184 0.348 0.507 0.835 0.355 0.656 0.993 0.783
Zambia ZMB 0.772 0.166 0.544 -0.117 0.362 0.761 0.393 0.339 0.876 0.064
Zimbabwe ZWE 0.567 0.192 1.01 0.3 -0.085 0.685 -0.247 -0.025 0.801 0.03
