Albania ALB 1.065 1.532 0.492 0.97 0.444 0.189 0.345 1.316 0.978 0.91
Algeria DZA 0.82 1.856 1.258 1.585 0.988 1.264 1.395 1.22 1.185 0.945
Angola AGO 0.169 0.295 0.735 0.889 0.414 1.021 0.561 0.885 0.501 0.708
Anguilla AIA 0.264 0.587 0.706 0.816 0.521 0.828 0.691 0.957 0.411 0.566
Argentina ARG -0.186 0.425 0.278 0.635 0.47 0.281 0.596 -0.169 0.601 0.857
Australia AUS 0.148 0.336 0.736 0.835 0.723 1.211 0.721 0.929 0.625 1.03
Austria AUT 1.769 1.501 1.531 1.464 0.829 0.628 0.907 2.137 1.582 1.544
Bangladesh BGD 0.226 0.316 0.398 0.239 0.269 0.592 0.814 0.266 0.093 0.844
Barbados BRB 0.303 0.506 0.546 0.888 0.7 1.13 0.844 0.679 0.316 0.429
Belize BLZ 0.175 0.445 0.733 0.948 0.701 0.849 0.655 0.85 0.579 0.922
Benin BEN 0.449 0.517 0.721 0.936 0.706 1.105 1.035 0.806 0.632 0.95
Bhutan BTN 0.214 0.72 0.492 0.498 0.476 0.745 0.955 0.978 0.555 1.394
Bolivia BOL 0.403 0.653 1.016 0.641 0.846 0.764 0.935 0.537 0.396 0.658
Botswana BWA -0.718 -0.186 0.359 0.74 -0.133 1.039 -0.505 0.23 0.153 -0.319
Brazil BRA 0.495 0.746 1.052 0.927 0.768 1.085 0.77 0.969 0.731 0.969
Bulgaria BGR 1.184 1.648 0.854 0.181 0.533 0.215 0.571 1.883 1.177 1.291
Cambodia KHM 0.296 0.571 0.836 0.711 0.594 0.781 0.767 0.604 0.43 0.453
Cameroon CMR 0.319 0.198 0.77 0.707 0.779 1.004 0.983 0.626 0.653 1.047
Canada CAN 1.291 1.421 0.54 1.24 0.485 1.282 2.343 1.333 0.851 0.539
Chad TCD 0.281 0.291 0.797 0.838 0.831 1.148 1.368 0.605 0.466 1.236
Chile CHL -0.179 0.054 0.14 0.312 0.563 0.275 0.575 -0.219 0.502 0.52
Colombia COL -0.009 0.438 0.675 0.693 0.585 0.681 0.531 0.641 0.385 0.856
Cuba CUB 0.508 0.535 0.945 1.089 0.872 0.787 0.914 0.902 0.642 0.93
Cyprus CYP 0.618 1.161 0.836 0.585 0.614 0.335 0.622 0.814 1.031 0.983
Denmark DNK 1.719 1.044 1.652 0.707 1.032 1.282 1.349 2.136 1.853 1.32
Djibouti DJI 0.834 0.811 1.363 1.468 0.953 1.206 0.889 0.864 0.302 1.404
Dominica DMA 0.282 0.518 0.684 0.782 0.491 0.819 0.718 0.871 0.401 0.539
Ecuador ECU 0.244 0.478 0.777 0.83 0.835 0.837 0.808 0.818 0.702 0.961
Fiji FJI 0.706 0.728 0.72 0.581 0.526 0.698 0.636 1.032 0.584 0.409
Finland FIN 2.024 1.365 1.171 0.713 1.233 2.201 1.204 1.946 2.13 1.695
France FRA 1.175 1.391 1.054 1.8 0.969 1.02 1.306 1.407 0.992 1.212
Gabon GAB 0.307 0.286 0.662 0.893 0.831 0.808 0.737 0.926 0.782 0.824
Germany DEU 1.764 1.292 1.491 1.258 0.998 1.025 1.254 2.088 1.542 1.282
Ghana GHA 0.43 0.565 0.825 0.988 0.739 0.967 0.991 0.946 0.698 0.884
Gibraltar GIB 0.829 1.28 0.862 1.4 1.027 0.841 1.425 0.83 0.982 1.283
Greece GRC 0.679 1.314 0.435 0.385 0.337 0.213 0.254 1.08 0.881 0.771
Greenland GRL 0.839 0.831 1.186 2.328 1.469 1.878 1.717 1.363 0.959 0.851
Grenada GRD 0.462 0.691 0.627 0.905 0.433 1.004 0.739 0.678 0.502 0.507
Guadeloupe GLP 0.279 0.557 0.695 0.816 0.507 0.827 0.698 0.921 0.405 0.547
Guatemala GTM 0.31 0.344 0.556 0.99 0.611 0.801 0.612 0.597 0.213 0.692
Guinea GIN 0.651 0.792 1.13 0.979 1.04 1.19 1.117 0.974 1.113 0.931
Guinea-Bissau GNB 0.996 1.244 1.281 1.04 1.171 1.401 1.186 1.034 1.362 0.811
Guyana GUY 0.658 0.825 1.074 0.948 0.942 1.321 1.003 1.025 0.558 1.162
Haiti HTI 0.858 0.758 0.953 1.24 0.888 1.042 0.935 1.151 0.624 0.806
Honduras HND 0.128 0.396 0.776 0.672 0.491 0.956 0.621 0.769 0.566 0.811
Hungary HUN 1.733 1.391 1.423 0.71 0.543 0.236 0.699 2.142 1.495 1.613
Iceland ISL 0.274 0.584 0.784 1.784 1.235 0.448 1.032 1.101 0.753 0.907
India IND 0.35 0.473 0.827 0.665 0.545 0.567 0.638 0.607 0.263 1.134
Indonesia IDN 0.275 0.53 0.607 0.594 0.54 0.71 0.422 0.464 0.223 0.563
Iran IRN 1.215 1.525 1.716 0.943 1.528 0.828 1.847 0.874 1.136 1.177
Iraq IRQ 0.995 1.289 1.168 0.96 1.084 0.526 1.621 0.935 1.155 0.881
Ireland IRL 0.577 0.551 0.83 1.024 0.9 1.175 1.159 1.345 0.836 0.804
Israel ISR 0.25 0.855 0.729 0.559 0.556 0.199 0.593 0.521 0.724 0.824
Italy ITA 1.243 1.533 0.913 1.526 0.746 0.563 0.84 1.552 1.133 1.234
Jamaica JAM 0.408 0.661 0.943 1.119 0.95 1.037 1.029 0.939 0.551 0.819
Japan JPN 0.636 0.418 0.63 0.326 1.116 0.737 0.39 1.004 0.671 0.801
Jordan JOR 0.375 0.983 0.666 0.498 0.62 0.103 0.752 0.516 0.732 0.549
Kenya KEN 0.521 0.602 0.734 0.879 0.648 0.762 0.89 0.634 0.824 1.293
Kuwait KWT 1.28 1.27 1.604 1.564 1.519 0.724 1.911 1.085 1.434 1.323
Latvia LVA 2.022 1.83 1.73 0.253 1.027 1.355 1.087 2.206 2.403 1.524
Lebanon LBN 0.544 1.146 0.833 0.626 0.647 0.28 0.72 0.728 0.989 0.844
Liberia LBR 0.56 0.513 0.875 0.938 0.911 1.108 1.119 1.041 1.131 1.365
Libya LBY 0.306 1.291 0.905 0.95 0.745 0.717 0.81 0.86 0.879 0.764
Liechtenstein LIE 1.464 1.44 1.382 1.67 0.899 0.663 0.955 1.931 1.385 1.405
Lithuania LTU 2.026 1.804 1.917 0.182 0.883 1.206 0.923 2.196 2.221 1.396
Luxembourg LUX 1.651 1.433 1.393 1.692 1.013 1.129 1.357 1.94 1.279 1.188
Malawi MWI 0.797 0.592 0.963 0.982 0.879 1.366 0.997 0.904 0.512 0.648
Malaysia MYS 0.449 0.689 0.785 0.781 0.755 0.938 0.707 0.763 0.628 0.865
Maldives MDV 0.255 0.46 0.618 0.518 0.387 0.775 0.317 0.363 0.169 0.53
Mali MLI 0.647 0.583 1.246 1.238 1.214 1.396 1.097 0.933 0.548 0.96
Malta MLT 1.055 1.669 0.942 1.401 0.699 0.67 0.996 1.398 1.271 1.08
Martinique MTQ 0.262 0.506 0.681 0.802 0.515 0.834 0.736 0.846 0.407 0.553
Mauritius MUS 0.173 0.499 0.401 0.69 0.313 0.381 0.312 0.537 0.294 0.797
Mayotte MYT 0.086 0.248 0.694 0.367 0.234 0.369 0.173 0.594 0.383 0.704
Mexico MEX 0.634 0.549 0.73 0.894 0.365 0.806 0.93 0.503 0.558 1.053
Monaco MCO 1.112 1.381 0.916 1.645 0.851 0.806 1.183 1.643 1.103 1.468
Mongolia MNG 0.98 1.684 1.786 0.49 1.76 0.923 1.221 2.729 1.759 1.397
Morocco MAR 0.845 1.745 1.108 1.593 1.029 1.188 1.389 0.93 1.069 1.16
Myanmar MMR 0.223 0.634 0.676 0.653 0.6 0.932 0.855 0.507 0.495 0.918
Namibia NAM -0.041 0.414 0.918 1.293 0.858 0.815 -0.079 0.997 0.672 0.462
Nepal NPL 0.082 0.448 0.551 0.306 0.351 0.678 0.796 0.727 0.347 1.119
Netherlands NLD 1.595 1.266 1.526 1.207 1.16 1.252 1.507 2.074 1.432 1.223
NewCaledonia NCL 0.759 1.027 1.03 0.788 0.913 0.762 0.683 1.146 1.129 0.909
NewZealand NZL 0.265 0.572 0.42 0.238 0.033 0.443 0.391 0.237 0.564 0.059
Nicaragua NIC 0.142 0.502 0.79 0.738 0.576 0.841 0.707 0.844 0.567 0.821
Niger NER 0.677 0.165 0.542 0.778 0.545 1.169 1.179 0.872 0.283 1.313
Nigeria NGA 0.526 0.225 0.776 0.776 0.698 1.182 1.204 0.816 0.585 1.301
Norway NOR 1.427 0.613 1.386 1.089 1.3 1.759 1.504 1.702 1.619 1.393
Oman OMN 0.554 0.661 0.891 0.838 0.778 0.814 0.838 0.652 0.537 0.728
Pakistan PAK 0.668 0.762 1.021 0.527 1.006 0.211 1.023 0.65 0.362 1.034
Panama PAN 0.144 0.551 0.883 0.926 0.729 0.741 0.744 0.654 0.435 0.953
Paraguay PRY 0.101 0.609 1.074 0.721 0.394 0.511 0.915 0.252 0.259 0.897
Peru PER 0.325 0.49 0.754 0.769 0.682 0.813 0.809 0.555 0.604 0.869
Philippines PHL 0.673 0.825 0.733 0.795 0.687 0.782 0.831 0.875 0.574 0.718
Portugal PRT 0.665 1.165 0.681 1.458 1.062 1.032 1.561 0.775 0.649 1.423
Qatar QAT 0.944 0.97 1.436 1.179 1.228 0.842 1.652 0.989 1.162 1.114
Romania ROU 1.338 1.537 1.22 0.145 0.556 0.298 0.514 2.126 1.335 1.617
Senegal SEN 0.918 1.168 1.425 1.15 1.157 1.366 1.37 1.202 1.294 0.703
Seychelles SYC 0.406 0.734 0.518 0.719 0.304 0.513 0.537 0.813 0.5 0.82
Somalia SOM 0.421 0.83 0.82 1.047 0.465 1.07 0.845 0.958 0.677 1.29
SouthAfrica ZAF 0.271 0.516 0.453 0.791 0.874 1.031 0.361 0.721 0.575 0.662
Spain ESP 0.81 1.406 0.812 1.598 1.004 0.902 1.526 0.835 0.864 1.36
Suriname SUR 0.657 0.781 1.01 1.069 1.097 1.426 1.003 0.98 1.076 1.414
Sweden SWE 1.721 1.071 1.566 0.914 1.198 1.825 1.485 1.938 1.954 1.432
Switzerland CHE 1.42 1.45 1.258 1.848 0.974 0.808 1.091 1.804 1.195 1.371
Thailand THA 0.14 0.733 0.734 0.869 0.625 0.974 0.773 0.638 0.496 0.605
Togo TGO 0.523 0.641 0.732 0.973 0.703 0.932 0.968 0.847 0.711 0.876
Tonga TON 0.272 0.564 0.78 0.455 0.632 0.769 0.55 0.821 0.292 0.356
Tunisia TUN 1.014 1.992 1.25 1.697 0.916 1.047 1.271 1.388 1.374 0.865
Turkmenistan TKM 1.302 1.533 1.804 0.057 1.652 1.303 1.697 1.127 0.731 1.064
Tuvalu TUV 0.501 0.761 0.793 0.549 0.636 0.815 0.668 0.758 0.392 0.665
Uganda UGA 0.273 0.183 0.675 0.908 0.681 1.232 0.967 0.455 0.774 1.295
Ukraine UKR 1.439 1.809 1.553 -0.252 0.93 1.023 0.27 2.379 1.621 1.607
UnitedKingdom GBR 0.724 0.631 1.011 1.194 1.035 1.116 1.25 1.332 0.838 0.948
UnitedStates USA 1 0.786 0.951 0.99 0.863 1.153 1.026 1.143 0.212 0.398
Uruguay URY 0.333 1.226 0.61 0.324 0.458 0.802 0.586 0.131 0.719 0.508
Vanuatu VUT 0.777 0.401 0.452 0.36 0.462 0.536 0.394 0.921 0.712 0.438
Vietnam VNM 0.129 0.693 0.722 1.043 0.385 0.838 0.892 0.506 0.199 0.671
World WLD 0.728 0.834 1.021 0.893 0.913 1.095 0.998 1.195 0.935 0.957
Zambia ZMB -0.04 0.263 0.711 0.871 0.606 0.948 0.623 0.78 0.438 0.306
Zimbabwe ZWE -0.417 0.004 0.487 0.355 -0.004 0.945 -0.26 0.127 0.078 -0.226
