Albania ALB -0.106 -0.195 -0.069 -0.288 -0.139 -0.211 -0.683 0.545 -0.814 0.203
Algeria DZA 0.116 -0.385 -0.348 -0.015 -0.503 -0.539 -0.782 0.504 0.012 0.654
Angola AGO 0.248 -0.097 -0.035 0.475 -0.158 -0.029 -0.313 0.272 0.037 0.291
Anguilla AIA 0.082 -0.269 -0.179 0.17 -0.37 -0.334 -0.426 0.096 0.13 0.034
Argentina ARG 0.438 -0.26 -0.008 -0.139 -0.106 -0.021 -0.321 0.432 0.362 0.266
Australia AUS -0.007 -0.044 0.091 0.831 -0.354 0.048 -0.522 0.176 0.062 0.375
Austria AUT -0.55 -0.06 0.103 -0.033 0.314 0.86 0.216 0.499 -0.476 -0.112
Bangladesh BGD -0.021 -0.579 -0.012 0.168 -0.125 -0.102 -0.104 -0.275 -0.216 0.495
Barbados BRB 0.074 -0.174 -0.015 0.006 -0.336 -0.556 -0.444 -0.054 0.248 0.042
Belize BLZ -0.21 -0.275 0.442 0.347 0.101 -0.059 -0.416 0.134 -0.025 0.524
Benin BEN 0.305 -0.183 0.08 0.627 0.089 -0.274 -0.194 0.357 -0.045 0.499
Bhutan BTN -0.027 -0.227 -0.014 0.31 0.188 0.103 -0.042 -0.059 -0.213 0.414
Bolivia BOL 0.173 -0.583 0.13 0.227 -0.154 -0.087 -0.249 0.276 0.27 0.181
Botswana BWA 0.598 -0.126 -0.475 0.602 -0.746 -0.225 -0.717 0.3 -0.065 0.543
Brazil BRA 0.13 -0.134 0.114 0.443 -0.179 -0.14 -0.185 0.252 0.03 0.017
Bulgaria BGR 0.205 -0.139 0.136 -0.426 -0.198 0.39 -0.838 0.563 -0.71 0.165
Cambodia KHM 0.069 -0.468 0.007 0.36 -0.343 -0.019 -0.485 0.104 0.29 0.479
Cameroon CMR 0.175 -0.132 0.055 0.566 -0.076 -0.207 -0.163 0.304 0.056 0.4
Canada CAN 0.426 -0.023 -1.796 0.306 -0.846 0.225 0.083 1.079 -0.605 -0.214
Chad TCD 0.163 -0.241 0.206 0.719 -0.032 -0.172 0.232 -0.048 -0.132 0.459
Chile CHL 0.205 -0.364 -0.13 -0.058 -0.18 -0.127 -0.262 0.37 0.366 0.286
Colombia COL 0.052 -0.431 -0.022 0.349 -0.306 -0.304 -0.24 0.214 0.109 0.191
Cuba CUB -0.349 0.067 0.433 0.403 0.087 0.528 -0.194 0.131 0.034 0.349
Cyprus CYP 0.495 -0.256 -0.625 -0.379 -0.177 -0.225 -0.713 0.15 -0.028 0.607
Denmark DNK -1.204 0.261 0.289 0.67 0.58 1.335 0.301 -0.014 0.145 -1.191
Djibouti DJI 0.016 -0.236 0.115 0.686 -0.13 0.195 0.028 0.279 0.292 0.131
Dominica DMA 0.181 -0.218 -0.083 0.163 -0.396 -0.392 -0.434 0.045 0.086 0.163
Ecuador ECU -0.131 -0.569 0.55 0.124 -0.246 -0.314 0.32 0.341 0.237 0.514
Fiji FJI 0.118 0.157 -0.208 0.446 0.221 0.227 -0.004 -0.079 -0.002 0.154
Finland FIN -0.629 -0.452 0.933 1.138 1.121 1.893 -0.877 -0.227 -0.526 -0.755
France FRA -0.092 -0.161 -0.325 0.059 -0.081 0.483 0.368 0.015 -0.216 -0.187
Gabon GAB 0.142 -0.053 -0.064 0.468 -0.084 -0.126 -0.335 0.185 0.069 0.385
Germany DEU -0.832 0.032 -0.014 0.188 0.318 1.099 0.47 0.283 -0.173 -0.64
Ghana GHA 0.302 -0.145 0.024 0.564 0.011 -0.228 -0.353 0.296 0.067 0.561
Gibraltar GIB -0.048 -0.81 -0.865 -0.157 -0.369 -0.177 -0.469 -0.144 0.213 0.396
Greece GRC 0.269 -0.222 -0.177 -0.357 -0.193 -0.25 -0.916 0.33 -0.555 0.179
Greenland GRL -0.224 -0.784 -0.841 -0.987 0.306 -1.093 -0.259 0.76 -0.682 0.498
Grenada GRD 0.299 -0.303 -0.117 0.073 -0.447 -0.396 -0.24 -0.127 0.067 0.274
Guadeloupe GLP 0.123 -0.245 -0.147 0.167 -0.381 -0.366 -0.434 0.074 0.117 0.099
Guatemala GTM -0.106 -0.141 0.429 0.458 -0.281 0.137 -0.392 0.225 0.128 0.332
Guinea GIN 0.345 -0.131 0.203 0.579 -0.063 -0.248 -0.242 0.203 0.192 0.491
Guinea-Bissau GNB 0.345 -0.059 0.263 0.579 -0.15 -0.195 -0.109 0.358 0.294 0.487
Guyana GUY 0.489 -0.486 -0.024 0.084 -0.462 -0.301 -0.354 0.083 -0.028 0.341
Haiti HTI -0.123 -0.17 0.015 0.356 -0.342 0.22 -0.431 0.353 0.191 0.219
Honduras HND -0.124 -0.161 0.269 0.507 -0.327 0.068 -0.248 0.337 0.25 0.407
Hungary HUN -0.508 -0.063 0.39 -0.033 0.263 0.857 -0.274 0.549 -0.871 0.047
Iceland ISL -0.617 -0.005 0.777 -0.099 0.522 -0.42 0.377 -0.258 0.054 -1.239
India IND 0.033 -0.519 0.012 0.332 0.034 -0.308 0.003 0.155 -0.15 0.305
Indonesia IDN 0.129 -0.15 -0.054 0.264 -0.111 -0.131 -0.012 0.118 0.176 0.235
Iran IRN 0.978 0.097 -0.959 -0.199 -0.677 -0.218 -0.555 0.394 0.274 0.684
Iraq IRQ 0.661 -0.178 -0.731 -0.245 -0.434 -0.239 -0.777 0.313 0.162 1.264
Ireland IRL 0.06 0.342 -0.268 0.362 -0.211 0.701 0.561 -0.279 0.257 -0.687
Israel ISR 0.184 -0.353 -0.513 -0.481 -0.26 -0.414 -0.577 0.005 -0.079 0.607
Italy ITA -0.153 -0.149 -0.132 0.034 -0.115 0.075 -0.32 0.283 -0.537 0.022
Japan JPN -0.381 -0.334 0.227 0.325 -0.488 0.041 -0.506 -0.154 0.232 0.458
Jordan JOR 0.196 -0.405 -0.626 -0.491 -0.334 -0.507 -0.726 -0.001 -0.005 0.77
Kenya KEN 0.181 -0.272 0.216 0.535 -0.069 -0.067 0.229 0.216 -0.023 0.055
Kiribati KIR 0.111 -0.442 -0.294 0.145 -0.144 -0.225 -0.218 0.145 0.247 0.171
Kuwait KWT 0.514 -0.178 -0.766 -0.274 -0.341 -0.254 -0.649 0.366 0.036 1.291
Lebanon LBN 0.389 -0.306 -0.675 -0.535 -0.226 -0.253 -0.667 0.094 0.019 0.693
Liberia LBR 0.272 -0.131 0.025 0.504 0.023 -0.121 -0.193 0.237 0.246 0.55
Libya LBY -0.223 -0.195 0.179 -0.188 -0.132 -0.449 -0.55 0.246 -0.26 0.302
Liechtenstein LIE -0.553 -0.078 0.077 -0.024 0.177 0.68 0.293 0.272 -0.354 -0.081
Malawi MWI 0.164 -0.27 -0.008 0.3 -0.325 -0.147 -0.085 0.504 0.265 0.131
Malaysia MYS 0.115 -0.243 0.049 0.262 -0.193 -0.029 -0.239 0.073 0.249 0.379
Mali MLI 0.365 -0.007 0.278 0.508 -0.435 -0.471 -0.374 0.362 0.36 0.646
Malta MLT -0.144 -0.272 -0.294 -0.003 -0.251 -0.383 -0.706 0.304 -0.602 0.036
Martinique MTQ 0.186 -0.193 -0.047 0.158 -0.395 -0.394 -0.415 0.02 0.082 0.166
Mauritius MUS 0.333 -0.32 0.133 -0.075 -0.686 -0.105 0.018 0.556 0.345 0.369
Mexico MEX -0.3 -0.066 0.304 -0.167 -0.088 -0.332 -0.495 -0.012 0.166 -0.08
Monaco MCO -0.017 0.002 -0.114 0.288 -0.086 0.195 0.044 -0.039 -0.403 -0.018
Mongolia MNG -0.306 -0.038 0.234 0.689 0.193 0.49 -0.2 0.065 0.908 0.951
Montserrat MSR 0.109 -0.233 -0.214 0.164 -0.377 -0.419 -0.467 0.076 0.161 0.16
Morocco MAR 0.108 -0.775 -1.303 0.062 -0.402 -0.221 -0.819 0.041 0.316 0.438
Myanmar MMR -0.044 -0.414 -0.013 0.263 -0.252 0.183 -0.391 -0.117 0.076 0.516
Namibia NAM 0.427 -0.157 0.033 0.624 -0.71 0.024 -0.539 0.2 -0.066 0.432
Nepal NPL 0.128 -0.561 0.024 0.161 0.15 -0.128 -0.035 -0.022 -0.41 0.318
Netherlands NLD -0.59 0.045 -0.116 0.29 0.23 1.035 0.709 0.159 -0.068 -0.902
NewCaledonia NCL 0.454 0.128 -0.207 0.799 0.293 0.23 0.155 0.159 0.292 0.208
NewZealand NZL 0.596 0.684 0.119 0.196 0.363 0.588 -0.51 -0.388 0.387 0.316
Nicaragua NIC -0.206 -0.293 0.163 0.434 -0.252 0.061 -0.072 0.269 0.205 0.177
Niger NER 0.051 -0.092 0.334 0.445 0.008 -0.409 0.288 -0.357 0.192 0.714
Nigeria NGA 0.218 -0.053 0.074 0.791 0.135 -0.278 0.038 0.286 0.004 0.508
Norway NOR -0.695 -0.079 0.931 0.918 0.969 1.058 -0.041 -0.552 -0.101 -1.07
Oman OMN 0.855 0.08 -0.1 -0.172 -0.137 -0.225 0.221 0.575 0.138 0.138
Pakistan PAK 0.556 0.198 -0.476 0.117 -0.176 -0.584 -0.271 0.352 -0.006 -0.005
Panama PAN 0.117 -0.334 0.072 0.164 -0.377 -0.401 -0.024 0.23 0.12 0.198
Paraguay PRY 0.261 -0.385 0.42 0.094 -0.265 -0.121 -0.435 0.7 0.658 0.096
Peru PER 0.002 -0.454 0.19 0.128 -0.281 -0.28 -0.111 0.282 0.075 0.241
Philippines PHL 0.203 -0.324 0.026 0.319 -0.05 0.083 -0.141 0.288 0.181 0.355
Portugal PRT 0.071 -0.87 -0.906 -0.063 -0.439 -0.09 -0.357 -0.272 0.167 0.169
Qatar QAT 0.267 -0.152 -0.731 -0.255 -0.336 -0.281 -0.556 0.274 0.149 0.765
Romania ROU -0.053 -0.021 0.382 -0.22 -0.097 0.806 -0.806 0.536 -0.828 0.156
Samoa WSM 0.22 -0.414 -0.084 0.196 -0.426 -0.239 -0.364 -0.007 -0.027 0.129
Senegal SEN 0.557 -0.036 0.38 0.713 -0.432 -0.235 -0.063 0.552 0.506 0.809
Seychelles SYC 0.32 -0.435 -0.372 0.181 -0.471 -0.274 -0.205 0.236 0.355 0.226
Somalia SOM 0.079 -0.245 0.298 0.571 -0.027 0.128 0.264 0.493 0.249 0.07
SouthAfrica ZAF 0.365 -0.153 0.106 0.35 -0.245 -0.132 -0.504 0.171 0.059 0.317
Spain ESP 0.131 -0.741 -0.825 -0.164 -0.434 -0.091 -0.367 -0.16 0.101 0.276
Suriname SUR 0.22 -0.429 -0.077 0.12 -0.348 -0.364 -0.05 0.128 0.073 0.299
Sweden SWE -1.098 0.03 0.791 1.145 0.935 1.574 -0.11 -0.466 -0.075 -1.091
Switzerland CHE -0.486 -0.069 -0.061 -0.056 0.089 0.622 0.367 0.172 -0.362 -0.063
Thailand THA 0.015 -0.469 0.043 0.361 -0.453 0.095 -0.501 0.109 0.306 0.617
Togo TGO 0.305 -0.193 0.118 0.541 -0.027 -0.26 -0.295 0.387 -0.04 0.447
Tokelau TKL -0.412 -0.394 0.073 0.069 -0.339 -0.359 0.12 0.236 0.23 0.599
Tonga TON 0.409 0.202 0.012 0.451 0.108 0.085 -0.161 0.053 0.221 0.271
Tunisia TUN -0.2 -0.225 -0.34 -0.122 -0.332 -0.35 -0.731 0.598 -0.392 0.426
Uganda UGA 0.037 -0.158 0.093 0.374 -0.109 -0.036 0.07 0.215 0.156 0.33
UnitedKingdom GBR -0.076 0.254 -0.055 0.203 -0.062 0.604 0.729 -0.323 0.07 -0.781
UnitedStates USA -0.03 -0.415 -0.252 -0.013 0.081 -0.389 -0.124 0.397 0.035 -0.306
Uruguay URY 0.374 -0.345 0.25 -0.124 -0.048 0.031 -0.334 0.502 0.116 0.128
Vanuatu VUT 0.299 0.016 -0.321 0.558 0.378 0.239 0.041 -0.047 0.114 0.103
Vietnam VNM -0.062 -0.438 -0.008 0.468 -0.387 0.199 -0.551 -0.029 0.112 0.416
World WLD 0.15 -0.093 -0.199 0.269 -0.181 0.088 -0.314 0.269 0.001 0.226
Yemen YEM 0.387 -0.205 0.041 0.328 -0.114 0.026 -0.081 0.394 0.41 0.547
Zambia ZMB 0.351 -0.249 -0.139 0.383 -0.405 -0.127 -0.314 0.51 0.087 0.249
Zimbabwe ZWE 0.421 -0.052 -0.397 0.601 -0.485 -0.262 -0.436 0.433 -0.016 0.189
