Albania ALB -0.414 -0.351 0.173 -0.128 -0.27 -0.103 0.569 -0.106 0.37 -0.066
Algeria DZA 0.232 0.215 0.399 0.56 -0.004 0.508 0.296 0.975 1.304 0.386
Angola AGO 0.279 -0.071 0.164 0.487 0.631 0.694 0.176 0.689 0.572 -0.055
Anguilla AIA 0.698 0.532 0.097 0.524 0.105 0.006 0.013 0.569 0.457 -0.002
Argentina ARG 0.373 0.378 0.359 0.046 -0.1 0.308 0.46 0.446 -0.192 0.611
Australia AUS 0.887 0.495 0.186 0.633 -0.157 0.349 0.388 0.363 0.96 0.153
Austria AUT -0.274 0.277 0.384 1.062 -0.249 -0.568 0.319 -0.263 0.82 1.104
Bangladesh BGD 0.128 -0.17 -0.041 -0.132 -0.322 0.05 0.026 0.341 0.341 0.064
Barbados BRB 0.485 0.304 0.165 0.281 -0.076 -0.263 -0.179 0.536 0.385 0.187
Belize BLZ 0.576 -0.068 0.526 0.685 0.254 0.455 0.135 0.35 0.46 0.173
Benin BEN 0.425 0.161 0.211 0.548 0.542 0.411 0.307 0.977 0.631 -0.052
Bhutan BTN 0.081 0.212 -0.111 -0.286 -0.055 0.113 -0.068 0.256 0.567 0.22
Bolivia BOL 0.176 0.167 0.324 0.537 0.289 0.33 0.437 0.692 0.334 0.129
Botswana BWA -0.038 -0.441 0.31 1.012 0.442 0.293 0.278 1.27 0.287 -0.306
Brazil BRA 0.313 0.191 0.277 0.471 0.294 0.092 0.285 0.722 0.461 0.13
Bulgaria BGR -0.448 -0.043 -0.13 0.389 -0.022 -0.605 0.36 -0.484 0.128 0.405
Cambodia KHM 0.417 0.389 0.15 0.537 0.194 0.348 0.128 0.694 0.415 0.324
Cameroon CMR 0.35 0.045 0.061 0.164 0.196 0.025 0.084 0.487 0.29 -0.384
Canada CAN 0.917 1.562 -0.673 0.488 0.337 -0.311 0.011 1.34 1.204 0.017
Chad TCD 0.337 0.037 0.306 -0.047 0.508 0.172 0.63 0.344 0.133 -0.271
Chile CHL 0.342 0.373 0.397 0.574 -0.122 0.328 0.08 0.616 0.08 0.327
Colombia COL 0.446 0.129 0.192 0.636 -0.233 -0.015 0.017 0.573 0.312 -0.091
Cuba CUB 0.49 -0.016 0.591 0.303 0.287 0.235 0.357 0.736 0.603 0.68
Cyprus CYP -0.295 0.088 -0.337 -0.805 0.013 -0.068 0.249 -0.26 0.044 0.085
Denmark DNK -0.441 0.3 0.002 1.06 0.379 -1.004 -0.444 -0.985 0.925 1.803
Djibouti DJI 0.808 0.099 0.182 0.327 -0.096 0.051 -0.055 0.204 0.567 -0.104
Dominica DMA 0.43 0.438 0.08 0.457 -0.039 -0.062 0.015 0.596 0.394 -0.056
Ecuador ECU 0.496 0.028 0.595 1.176 0.024 -0.07 0.194 1.074 0.425 -0.003
Fiji FJI 0.195 0.161 0.151 0.111 0.358 0.317 -0.103 0.206 0.846 0.247
Finland FIN -0.38 -0.24 -0.155 0.964 0.757 -1.177 -0.181 -1.652 0.579 2.179
France FRA -0.217 0.097 0.812 0.721 -0.082 -0.338 -0.003 0.001 0.773 1.278
Gabon GAB 0.307 -0.176 -0.374 0.174 0.204 -0.219 -0.126 0.272 0.232 -0.023
Germany DEU -0.186 0.296 0.439 1.071 -0.11 -0.8 -0.007 -0.561 0.893 1.491
Ghana GHA 0.446 0.181 0.177 0.691 0.665 0.357 0.294 0.985 0.645 0.237
Gibraltar GIB 0.312 0.358 0.481 0.382 -0.15 0.592 0.227 0.497 0.782 0.908
Greece GRC -0.379 -0.191 -0.243 -0.493 -0.123 -0.063 0.312 -0.395 0.129 -0.204
Greenland GRL 0.919 -0.36 -0.642 -2.062 -1.455 0.891 0.381 -0.121 0.513 -1.537
Grenada GRD 0.212 0.331 0.085 0.36 -0.048 -0.429 -0.192 0.442 0.446 -0.169
Guadeloupe GLP 0.59 0.5 0.099 0.494 0.038 -0.026 0.01 0.589 0.426 -0.032
Guatemala GTM 0.432 -0.016 0.457 0.649 0.116 0.164 0.125 0.31 0.481 0.132
Guinea GIN 0.636 0.337 0.215 0.635 0.38 0.382 0.077 0.81 0.61 0.116
Guinea-Bissau GNB 0.645 0.473 0.282 0.902 0.516 0.361 0.495 0.828 0.669 0.441
Guyana GUY 0.322 0.185 0.41 0.539 -0.351 -0.329 0.015 0.495 0.4 -0.044
Haiti HTI 0.637 0.444 0.571 0.622 0.305 0.163 0.282 0.842 0.721 0.396
Honduras HND 0.434 0.108 0.449 0.581 0.073 0.14 0.138 0.391 0.621 0.191
Hungary HUN -0.62 0.146 0.105 0.997 -0.129 -1.068 0.356 -0.547 0.385 0.864
Iceland ISL 0.407 -0.909 -0.258 -0.863 0.204 0.164 -0.077 0.685 -0.088 -0.174
India IND 0.401 0.072 -0.017 -0.135 -0.107 0.211 0.19 0.578 0.504 -0.018
Indonesia IDN 0.29 0.2 0.036 0.405 -0.11 0.151 0.138 0.514 0.437 0.13
Iran IRN 0.54 0.677 -0.12 -0.111 0.151 0.243 0.207 0.536 0.706 0.22
Iraq IRQ 0.058 0.257 -0.406 -0.802 0.036 0.021 0.37 0.368 0.106 0.176
Ireland IRL -0.057 0.377 0.154 0.408 0.336 -0.439 -0.726 -0.143 0.246 1.054
Israel ISR -0.202 -0.213 -0.564 -1.066 -0.209 0.01 0.056 -0.283 0.037 -0.174
Italy ITA -0.421 -0.279 0.511 0.384 -0.468 0.117 0.436 0.192 0.842 0.417
Jamaica JAM 0.604 0.852 0.285 0.598 0.178 0.205 0.223 1.093 0.949 0.534
Japan JPN -0.206 -0.631 -0.041 0.107 -0.605 0.13 -0.686 0.326 -0.154 0.556
Jordan JOR -0.113 -0.158 -0.682 -1.071 -0.227 -0.009 0.069 -0.122 0.03 -0.065
Kenya KEN 0.561 0.183 0.297 0.609 0.173 -0.057 0.133 0.73 0.589 -0.208
Kiribati KIR 0.214 0.253 0.179 0.122 -0.138 0.062 0.328 0.11 0.073 -0.203
Kuwait KWT 0.497 0.418 -0.142 -0.622 0.256 0.003 0.467 0.723 0.449 0.141
Lebanon LBN -0.229 0.017 -0.496 -0.958 -0.081 -0.015 0.233 -0.229 0.019 0.129
Liberia LBR 0.417 0.171 0.249 0.536 0.388 0.282 0.173 0.951 0.824 0.364
Libya LBY -0.051 0.022 0.136 -0.332 -0.076 0.099 0.236 0.06 1.051 -0.006
Liechtenstein LIE -0.159 0.045 0.544 0.942 -0.371 -0.336 0.383 -0.045 0.929 1.089
Malawi MWI 0.231 -0.191 0 1.038 0.363 0.016 0.162 0.679 0.693 0.174
Malaysia MYS 0.292 0.256 0.27 0.689 0.052 0.244 0.281 0.59 0.525 0.181
Maldives MDV 0.15 0.092 0.269 0.413 0.169 -0.072 0.149 0.595 0.787 -0.005
Mali MLI 0.97 0.395 0.264 0.83 0.609 0.512 0.304 1.081 0.784 0.107
Malta MLT -0.504 -0.344 0.623 0.037 -0.267 0.426 0.4 0.525 1.194 0.206
Martinique MTQ 0.401 0.406 0.074 0.433 -0.029 -0.06 0.017 0.591 0.404 -0.001
Mauritius MUS 0.411 0.199 0.316 0.286 -0.21 -0.06 0.181 0.656 0.443 0.063
Mayotte MYT 0.361 0.237 0.611 0.366 -0.416 -0.114 0.084 0.466 0.448 -0.164
Mexico MEX 0.38 0.162 0.573 0.024 -0.102 0.097 0.298 -0.119 0.174 0.493
Monaco MCO -0.353 -0.083 0.55 0.494 -0.603 -0.106 0.433 0.196 0.758 0.908
Mongolia MNG 0.473 0.217 1.135 0.601 -0.353 -0.444 0.361 0.166 0.63 1.334
Montserrat MSR 0.646 0.564 0.162 0.489 0.009 -0.051 -0.023 0.649 0.395 -0.077
Morocco MAR 0.548 0.414 0.431 0.724 0.208 0.797 0.19 0.993 0.837 0.665
Myanmar MMR 0.298 0.299 0.08 0.156 0.086 0.19 0.091 0.569 0.408 0.338
Namibia NAM 0.269 0.1 0.431 0.769 0.853 0.591 0.38 1.1 0.482 -0.289
Nepal NPL 0.121 -0.087 -0.164 -0.423 -0.079 0.324 -0.063 0.349 0.595 0.079
Netherlands NLD 0.01 0.339 0.47 0.87 0.062 -0.851 -0.197 -0.503 0.796 1.541
NewCaledonia NCL 0.421 0.377 0.194 0.692 0.328 0.509 0.366 0.069 1.05 0.479
NewZealand NZL 0.007 0.427 -0.062 -0.294 0.174 0.398 0.382 0.397 0.488 0.736
Nicaragua NIC 0.511 0.255 0.659 0.786 0.04 0.107 0.171 0.422 0.505 0.158
Niger NER 0.518 0.04 0.371 0.029 0.607 0.284 0.733 0.655 0.587 -0.384
Nigeria NGA 0.375 0.155 0.36 0.238 0.794 0.389 0.544 0.823 0.501 -0.412
Niue NIU 0.15 -0.049 0.163 0.424 0.525 0.33 0.213 0.322 0.767 0.324
Norway NOR -0.313 -0.494 -0.054 0.633 0.532 -0.594 -0.43 -0.83 0.476 1.741
Oman OMN -0.02 0.223 -0.418 -0.698 -0.706 -0.104 -0.042 0.07 0.201 -0.347
Pakistan PAK 0.485 0.31 -0.37 -0.399 -0.206 0.221 -0.288 0.161 0.72 -0.313
Panama PAN 0.481 0.294 0.444 0.919 -0.004 -0.156 0.069 0.566 0.183 0.085
Paraguay PRY 0.187 0.387 0.356 -0.312 0.482 0.37 0.835 0.173 -0.073 -0.109
Peru PER 0.361 0.059 0.183 1.303 0.228 0.115 0.154 0.884 0.511 0.056
Philippines PHL 0.136 0.228 0.154 0.602 0.148 0.345 0.266 0.563 0.799 0.281
Portugal PRT 0.282 0.546 0.56 0.286 -0.12 0.528 0.094 0.752 0.637 1.117
Qatar QAT 0.389 0.417 -0.13 -0.826 0.039 0.357 0.51 0.385 0.494 -0.069
Romania ROU -0.639 0.043 -0.058 0.837 -0.129 -1.193 0.431 -0.724 0.092 0.752
Samoa WSM 0.177 -0.023 0.172 0.246 0.048 0.046 0.166 0.099 0.399 -0.052
Senegal SEN 0.943 0.767 0.339 1.25 0.661 0.526 0.483 1.022 0.874 0.575
Seychelles SYC 0.258 0.17 0.433 0.503 -0.294 -0.114 0.25 0.505 0.418 -0.112
Somalia SOM 0.651 0.121 0.336 0.454 -0.001 0.007 0.097 0.869 0.719 -0.101
SouthAfrica ZAF 0.237 -0.328 0.212 0.707 0.535 0.663 0.463 0.743 0.338 -0.034
Spain ESP 0.186 0.344 0.709 0.55 -0.163 0.484 0.259 0.724 0.796 1.039
Suriname SUR 0.28 0.219 0.228 0.453 -0.252 0.001 0.126 0.734 0.561 0.069
Sweden SWE -0.569 -0.228 -0.134 0.911 0.583 -1.036 -0.493 -1.201 0.726 1.998
Switzerland CHE -0.194 -0.016 0.579 0.869 -0.33 -0.328 0.242 -0.01 0.916 1.142
Thailand THA 0.536 0.346 0.182 0.495 0.158 0.359 0.137 0.815 0.354 0.384
Togo TGO 0.418 0.164 0.173 0.677 0.55 0.369 0.212 0.964 0.608 0.08
Tokelau TKL 0.452 0.394 0.445 0.319 0.248 0.386 0.464 0.585 0.196 0.091
Tonga TON 0.238 0.186 0.238 0.142 0.376 0.29 0.082 0.049 0.857 0.487
Tunisia TUN -0.197 0.094 0.821 0.226 -0.112 0.407 0.447 0.61 1.336 0.481
Tuvalu TUV 0.293 0.151 0.036 -0.063 0.094 0.188 0.427 0.005 0.089 -0.122
Uganda UGA 0.626 0.448 0.385 0.664 0.279 0.098 0.237 0.605 0.433 -0.103
UnitedKingdom GBR -0.022 0.176 0.118 0.348 0.337 -0.522 -0.594 -0.283 0.307 1.145
UnitedStates USA 0.412 0.871 -0.343 0.54 -0.233 -0.025 0.584 0.913 0.471 0.324
Uruguay URY 0.571 0.5 0.574 -0.052 0.103 0.431 0.77 0.336 -0.504 0.74
Vanuatu VUT 0.147 0.099 0.072 0.215 0.034 0.603 -0.068 -0.166 0.689 0.122
Vietnam VNM 0.368 0.49 0.196 0.082 -0.126 -0.028 0.088 1.048 0.181 0.034
World WLD 0.332 0.443 0.086 0.46 0.127 -0.031 0.242 0.403 0.558 0.331
Yemen YEM 0.83 0.04 -0.044 0.086 0.273 0.527 -0.12 0.012 0.971 0.361
Zambia ZMB 0.138 -0.158 0.34 1.064 0.575 0.206 0.061 0.958 0.627 0.139
Zimbabwe ZWE -0.024 -0.36 0.17 1.223 0.483 0.027 0.025 1.07 0.447 0.181
